0.0000000 0.0000000 0.0000000 
5.0000000 0.0000000 0.0000000 
0.0000000 5.0000000 0.0000000 
-
0.0000000 0.0000000 0.0000000 
10.0000000 0.0000000 0.0000000 
0.0000000 10.0000000 0.0000000 
-
20.0000000 0.0000000 0.0000000 
30.0000000 0.0000000 0.0000000 
20.0000000 10.0000000 0.0000000 
-
20.0000000 0.0000000 0.0000000 
20.0000000 10.0000000 0.0000000 
10.0000000 0.0000000 0.0000000 
-
20.0000000 0.0000000 0.0000000 
20.0000000 20.0000000 0.0000000 
0.0000000 0.0000000 0.0000000 
-
20.0000000 0.0000000 0.0000000 
30.0000000 0.0000000 0.0000000 
20.0000000 10.0000000 0.0000000 
-
20.0000000 0.0000000 0.0000000 
20.0000000 0.0000000 10.0000000 
20.0000000 10.0000000 0.0000000 
-
20.0000000 0.0000000 0.0000000 
30.0000000 0.0000000 0.0000000 
20.0000000 10.0000000 0.0000000 
-
0.0000000 0.0000000 0.0000000 
4.9863048 0.0136952 -0.3695639 
0.0273904 9.9726095 0.7391279 
-
0.0000000 0.0000000 0.0000000 
8.1678104 3.9959121 -4.1616778 
-1.1523298 4.4362493 1.9979560 
-
0.0000000 0.0000000 0.0000000 
12.3456497 4.0581698 -7.4910741 
-2.2275834 14.2677660 4.0581698 
-
0.0000000 0.0000000 0.0000000 
2.5112855 -3.9632342 1.7280686 
2.7686510 3.0090287 2.8775544 
-
end
