-0.1019610 -0.1990074 0.9571677 
0.0000000 -0.1990075 0.9579959 
-0.0999617 -0.0965772 0.9588078 
-
-0.1019610 -0.1990074 0.9571677 
0.0999617 -0.1990074 0.9588078 
-0.0980394 0.0019135 0.9603850 
-
0.2941182 -0.1990074 0.9603850 
0.4809480 -0.1990074 0.9619026 
0.2832249 -0.0055280 0.9633639 
-
0.2941182 -0.1990074 0.9603850 
0.2832249 -0.0055280 0.9633639 
0.0999617 -0.1990074 0.9588078 
-
0.2941182 -0.1990074 0.9603850 
0.2731097 0.1741315 0.9661301 
-0.1019610 -0.1990074 0.9571677 
-
0.2941182 -0.1990074 0.9603850 
0.4809480 -0.1990074 0.9619026 
0.2832249 -0.0055280 0.9633639 
-
0.2941182 -0.1990074 0.9603850 
0.3884227 -0.1990075 0.9412346 
0.2832249 -0.0055280 0.9633639 
-
0.2941182 -0.1990074 0.9603850 
0.4809480 -0.1990074 0.9619026 
0.2832249 -0.0055280 0.9633639 
-
-0.1019610 -0.1990074 0.9571677 
-0.0010152 -0.1987262 0.9585999 
-0.0974432 0.0042632 0.9592209 
-
-0.1019610 -0.1990074 0.9571677 
0.0502998 -0.1241587 0.9658324 
-0.1244362 -0.1039786 0.9550653 
-
-0.1019610 -0.1990074 0.9571677 
0.1129695 -0.1277927 0.9705674 
-0.1431987 0.1078898 0.9547096 
-
-0.1019610 -0.1990074 0.9571677 
-0.0494720 -0.2857602 0.9531902 
-0.0412846 -0.1335131 0.9536844 
-
end
