-4.9751854 -9.7105694 -48.7950058 
0.0000005 -9.8076754 -49.2829552 
-4.9751854 -4.8067322 -49.7709045 
-
-4.9751854 -9.7105694 -48.7950058 
4.9751863 -9.9047804 -49.7709045 
-4.9751854 0.0971050 -50.7468071 
-
14.9255581 -10.0989923 -50.7468071 
24.8759308 -10.2932034 -51.7227058 
14.9255581 -0.2913179 -52.6986046 
-
14.9255581 -10.0989923 -50.7468071 
14.9255581 -0.2913179 -52.6986046 
4.9751863 -9.9047804 -49.7709045 
-
14.9255581 -10.0989923 -50.7468071 
14.9255581 9.5163574 -54.6504059 
-4.9751854 -9.7105694 -48.7950058 
-
14.9255581 -10.0989923 -50.7468071 
24.8759308 -10.2932034 -51.7227058 
14.9255581 -0.2913179 -52.6986046 
-
14.9255581 -10.0989923 -50.7468071 
15.9205952 -8.1568785 -40.9878044 
14.9255581 -0.2913179 -52.6986046 
-
14.9255581 -10.0989923 -50.7468071 
24.8759308 -10.2932034 -51.7227058 
14.9255581 -0.2913179 -52.6986046 
-
-4.9751854 -9.7105694 -48.7950058 
-0.0503998 -9.8657513 -49.6449509 
-4.8743849 0.2132568 -50.0228195 
-
-4.9751854 -9.7105694 -48.7950058 
2.7379875 -6.7583818 -54.4334068 
-5.9229922 -4.9492350 -47.5986099 
-
-4.9751854 -9.7105694 -48.7950058 
6.5638056 -7.4250669 -58.1024323 
-6.7879109 5.1141977 -47.4020309 
-
-4.9751854 -9.7105694 -48.7950058 
-2.3044138 -13.3107424 -46.5801163 
-1.9339473 -6.2543283 -46.8442955 
-
end
